{"cells":[{"cell_type":"code","execution_count":null,"metadata":{"colab":{"base_uri":"https://localhost:8080/"},"executionInfo":{"elapsed":5071,"status":"ok","timestamp":1690905011662,"user":{"displayName":"Sai Krishna Ponugoti","userId":"08194448741208814176"},"user_tz":300},"id":"kFqUDqWrufpZ","outputId":"7758a85a-25d6-4ee6-ee01-6e3724b50010"},"outputs":[{"name":"stdout","output_type":"stream","text":["Requirement already satisfied: pyspark in /usr/local/lib/python3.10/dist-packages (3.4.1)\n","Requirement already satisfied: py4j==0.10.9.7 in /usr/local/lib/python3.10/dist-packages (from pyspark) (0.10.9.7)\n"]}],"source":["!pip install pyspark"]},{"cell_type":"code","execution_count":null,"metadata":{"id":"cjanoKQIyHD0"},"outputs":[],"source":[]},{"cell_type":"code","execution_count":null,"metadata":{},"outputs":[],"source":[]},{"cell_type":"code","execution_count":null,"metadata":{"id":"zkfZ0FAQut7j"},"outputs":[],"source":["from pyspark.sql import SparkSession"]},{"cell_type":"code","execution_count":null,"metadata":{"id":"0I0oD5ZAuv9j"},"outputs":[],"source":["spark=SparkSession.builder.getOrCreate()"]},{"cell_type":"code","execution_count":57,"metadata":{"executionInfo":{"elapsed":1082,"status":"ok","timestamp":1690905210674,"user":{"displayName":"Sai Krishna Ponugoti","userId":"08194448741208814176"},"user_tz":300},"id":"Dh1GefHguxpx"},"outputs":[],"source":["df = spark.read.format(\"csv\")\\\n","    .option(\"header\", \"true\")\\\n","    .option(\"inferSchema\", \"true\")\\\n","    .load(\"/content/details/data\")"]},{"cell_type":"code","execution_count":null,"metadata":{"colab":{"base_uri":"https://localhost:8080/"},"executionInfo":{"elapsed":1194,"status":"ok","timestamp":1690905013723,"user":{"displayName":"Sai Krishna Ponugoti","userId":"08194448741208814176"},"user_tz":300},"id":"ZFqDjPl_uzPx","outputId":"c1f5bc4f-187a-4df8-f42c-98fb0f99ada1"},"outputs":[{"name":"stdout","output_type":"stream","text":["+-------+----------+----------+--------+--------+---------+--------+\n","|Company|      Date|Close/Last|  Volume|    Open|     High|     Low|\n","+-------+----------+----------+--------+--------+---------+--------+\n","|   AAPL|07/17/2023|   $193.99|50520160| $191.90|  $194.32| $191.81|\n","|   AAPL|07/14/2023|   $190.69|41616240| $190.23|$191.1799| $189.63|\n","|   AAPL|07/13/2023|   $190.54|41342340| $190.50|  $191.19| $189.78|\n","|   AAPL|07-12-2023|   $189.77|60750250| $189.68|  $191.70| $188.47|\n","|   AAPL|07-11-2023|   $188.08|46638120| $189.16|  $189.30| $186.60|\n","|   AAPL|07-10-2023|   $188.61|59922160| $189.26|  $189.99|$187.035|\n","|   AAPL|07-07-2023|   $190.68|46815000| $191.41|  $192.67| $190.24|\n","|   AAPL|07-06-2023|   $191.81|45156010| $189.84|  $192.02| $189.20|\n","|   AAPL|07-05-2023|   $191.33|46920260|$191.565|  $192.98| $190.62|\n","|   AAPL|07-03-2023|   $192.46|31346600| $193.78|  $193.88| $191.76|\n","+-------+----------+----------+--------+--------+---------+--------+\n","only showing top 10 rows\n","\n"]}],"source":["df.show(10)"]},{"cell_type":"code","execution_count":null,"metadata":{"colab":{"base_uri":"https://localhost:8080/"},"executionInfo":{"elapsed":16,"status":"ok","timestamp":1690905013724,"user":{"displayName":"Sai Krishna Ponugoti","userId":"08194448741208814176"},"user_tz":300},"id":"PQVg7wHQu9Ak","outputId":"eb69e00f-03aa-4aa6-d2e3-c7c26b571124"},"outputs":[{"name":"stdout","output_type":"stream","text":["root\n"," |-- Company: string (nullable = true)\n"," |-- Date: string (nullable = true)\n"," |-- Close/Last: string (nullable = true)\n"," |-- Volume: integer (nullable = true)\n"," |-- Open: string (nullable = true)\n"," |-- High: string (nullable = true)\n"," |-- Low: string (nullable = true)\n","\n"]}],"source":["df.printSchema()"]},{"cell_type":"code","execution_count":null,"metadata":{"id":"c1lstWqavDk7"},"outputs":[],"source":["from pyspark.sql.functions import col, regexp_replace\n","from pyspark.sql.functions import col,date_format,to_date,max"]},{"cell_type":"code","execution_count":null,"metadata":{"id":"ZdU7zdz9vG8n"},"outputs":[],"source":["df = df.withColumn(\"Date\", regexp_replace(col(\"Date\"), \"/\", \"-\"))"]},{"cell_type":"code","execution_count":null,"metadata":{"colab":{"base_uri":"https://localhost:8080/"},"executionInfo":{"elapsed":755,"status":"ok","timestamp":1690905014471,"user":{"displayName":"Sai Krishna Ponugoti","userId":"08194448741208814176"},"user_tz":300},"id":"rTRrFoiavIrR","outputId":"a2020964-561f-49b0-a4db-140cfa900255"},"outputs":[{"name":"stdout","output_type":"stream","text":["+-------+----------+----------+---------+--------+---------+---------+\n","|Company|      Date|Close/Last|   Volume|    Open|     High|      Low|\n","+-------+----------+----------+---------+--------+---------+---------+\n","|   AAPL|07-17-2023|   $193.99| 50520160| $191.90|  $194.32|  $191.81|\n","|   AAPL|07-14-2023|   $190.69| 41616240| $190.23|$191.1799|  $189.63|\n","|   AAPL|07-13-2023|   $190.54| 41342340| $190.50|  $191.19|  $189.78|\n","|   AAPL|07-12-2023|   $189.77| 60750250| $189.68|  $191.70|  $188.47|\n","|   AAPL|07-11-2023|   $188.08| 46638120| $189.16|  $189.30|  $186.60|\n","|   AAPL|07-10-2023|   $188.61| 59922160| $189.26|  $189.99| $187.035|\n","|   AAPL|07-07-2023|   $190.68| 46815000| $191.41|  $192.67|  $190.24|\n","|   AAPL|07-06-2023|   $191.81| 45156010| $189.84|  $192.02|  $189.20|\n","|   AAPL|07-05-2023|   $191.33| 46920260|$191.565|  $192.98|  $190.62|\n","|   AAPL|07-03-2023|   $192.46| 31346600| $193.78|  $193.88|  $191.76|\n","|   AAPL|06-30-2023|   $193.97| 85213220| $191.63|  $194.48|  $191.26|\n","|   AAPL|06-29-2023|   $189.59| 46347310| $189.08|  $190.07|  $188.94|\n","|   AAPL|06-28-2023|   $189.25| 51216800| $187.93|  $189.90|  $187.60|\n","|   AAPL|06-27-2023|   $188.06| 50730850| $185.89|  $188.39|  $185.67|\n","|   AAPL|06-26-2023|   $185.27| 48088660| $186.83|  $188.05|  $185.23|\n","|   AAPL|06-23-2023|   $186.68| 53117000| $185.55|  $187.56|  $185.01|\n","|   AAPL|06-22-2023|   $187.00| 51245330| $183.74| $187.045|  $183.67|\n","|   AAPL|06-21-2023|   $183.96| 49515700| $184.90|  $185.41|$182.5901|\n","|   AAPL|06-20-2023|   $185.01| 49799090| $184.41|  $186.10|  $184.41|\n","|   AAPL|06-16-2023|   $184.92|101256200| $186.73|  $186.99|  $184.27|\n","+-------+----------+----------+---------+--------+---------+---------+\n","only showing top 20 rows\n","\n"]}],"source":["df.show()"]},{"cell_type":"code","execution_count":null,"metadata":{"colab":{"base_uri":"https://localhost:8080/"},"executionInfo":{"elapsed":6,"status":"ok","timestamp":1690905014472,"user":{"displayName":"Sai Krishna Ponugoti","userId":"08194448741208814176"},"user_tz":300},"id":"LVk4mq6JvKZi","outputId":"9215aeaa-2a02-45eb-89e7-4346a1c856a5"},"outputs":[{"name":"stdout","output_type":"stream","text":["root\n"," |-- Company: string (nullable = true)\n"," |-- Date: date (nullable = true)\n"," |-- Close/Last: string (nullable = true)\n"," |-- Volume: integer (nullable = true)\n"," |-- Open: string (nullable = true)\n"," |-- High: string (nullable = true)\n"," |-- Low: string (nullable = true)\n","\n"]}],"source":["df = df.withColumn(\"Date\", to_date(col(\"Date\"), \"MM-dd-yyyy\"))\n","df.printSchema()"]},{"cell_type":"code","execution_count":null,"metadata":{"colab":{"base_uri":"https://localhost:8080/"},"executionInfo":{"elapsed":1917,"status":"ok","timestamp":1690905016385,"user":{"displayName":"Sai Krishna Ponugoti","userId":"08194448741208814176"},"user_tz":300},"id":"mAtqPeYSvOCr","outputId":"aa0418be-1e58-4ea5-9838-1127733c66a5"},"outputs":[{"data":{"text/plain":["datetime.date(2013, 7, 18)"]},"execution_count":16,"metadata":{},"output_type":"execute_result"}],"source":["from pyspark.sql.functions import col, min, max\n","df.agg(min(col(\"Date\"))).first()[0]"]},{"cell_type":"code","execution_count":null,"metadata":{"colab":{"base_uri":"https://localhost:8080/"},"executionInfo":{"elapsed":1856,"status":"ok","timestamp":1690905018237,"user":{"displayName":"Sai Krishna Ponugoti","userId":"08194448741208814176"},"user_tz":300},"id":"Mcm03Zybvjjn","outputId":"2918d07e-c909-4361-c2e2-9790cc150889"},"outputs":[{"data":{"text/plain":["datetime.date(2023, 7, 17)"]},"execution_count":17,"metadata":{},"output_type":"execute_result"}],"source":["df.agg(max(col(\"Date\"))).first()[0]"]},{"cell_type":"code","execution_count":null,"metadata":{"id":"ZSvqPmwpvlqJ"},"outputs":[],"source":["def remove_dollar_sign_and_convert_to_float(column):\n","    return regexp_replace(column, r'[\\$,]', '').cast('float')"]},{"cell_type":"code","execution_count":null,"metadata":{"id":"uF_NbVKlwQEK"},"outputs":[],"source":["for col in df.columns:\n","    if col not in [\"Company\", \"Date\", \"Volume\"]:\n","        df = df.withColumn(col, remove_dollar_sign_and_convert_to_float(col))"]},{"cell_type":"code","execution_count":null,"metadata":{"colab":{"base_uri":"https://localhost:8080/"},"executionInfo":{"elapsed":1483,"status":"ok","timestamp":1690905020028,"user":{"displayName":"Sai Krishna Ponugoti","userId":"08194448741208814176"},"user_tz":300},"id":"9h3OKZWawV_B","outputId":"cabe215a-4c20-49b1-f862-cd58c3f87c47"},"outputs":[{"name":"stdout","output_type":"stream","text":["+-------+----------+----------+---------+-------+--------+--------+\n","|Company|      Date|Close/Last|   Volume|   Open|    High|     Low|\n","+-------+----------+----------+---------+-------+--------+--------+\n","|   AAPL|2023-07-17|    193.99| 50520160|  191.9|  194.32|  191.81|\n","|   AAPL|2023-07-14|    190.69| 41616240| 190.23|191.1799|  189.63|\n","|   AAPL|2023-07-13|    190.54| 41342340|  190.5|  191.19|  189.78|\n","|   AAPL|2023-07-12|    189.77| 60750250| 189.68|   191.7|  188.47|\n","|   AAPL|2023-07-11|    188.08| 46638120| 189.16|   189.3|   186.6|\n","|   AAPL|2023-07-10|    188.61| 59922160| 189.26|  189.99| 187.035|\n","|   AAPL|2023-07-07|    190.68| 46815000| 191.41|  192.67|  190.24|\n","|   AAPL|2023-07-06|    191.81| 45156010| 189.84|  192.02|   189.2|\n","|   AAPL|2023-07-05|    191.33| 46920260|191.565|  192.98|  190.62|\n","|   AAPL|2023-07-03|    192.46| 31346600| 193.78|  193.88|  191.76|\n","|   AAPL|2023-06-30|    193.97| 85213220| 191.63|  194.48|  191.26|\n","|   AAPL|2023-06-29|    189.59| 46347310| 189.08|  190.07|  188.94|\n","|   AAPL|2023-06-28|    189.25| 51216800| 187.93|   189.9|   187.6|\n","|   AAPL|2023-06-27|    188.06| 50730850| 185.89|  188.39|  185.67|\n","|   AAPL|2023-06-26|    185.27| 48088660| 186.83|  188.05|  185.23|\n","|   AAPL|2023-06-23|    186.68| 53117000| 185.55|  187.56|  185.01|\n","|   AAPL|2023-06-22|     187.0| 51245330| 183.74| 187.045|  183.67|\n","|   AAPL|2023-06-21|    183.96| 49515700|  184.9|  185.41|182.5901|\n","|   AAPL|2023-06-20|    185.01| 49799090| 184.41|   186.1|  184.41|\n","|   AAPL|2023-06-16|    184.92|101256200| 186.73|  186.99|  184.27|\n","+-------+----------+----------+---------+-------+--------+--------+\n","only showing top 20 rows\n","\n"]}],"source":["df.show()"]},{"cell_type":"code","execution_count":null,"metadata":{"colab":{"base_uri":"https://localhost:8080/"},"executionInfo":{"elapsed":9,"status":"ok","timestamp":1690905020029,"user":{"displayName":"Sai Krishna Ponugoti","userId":"08194448741208814176"},"user_tz":300},"id":"s5opDRjgwXea","outputId":"2a41de0a-8c65-4cc5-acad-28cfec0d8490"},"outputs":[{"name":"stdout","output_type":"stream","text":["root\n"," |-- Company: string (nullable = true)\n"," |-- Date: date (nullable = true)\n"," |-- Close/Last: float (nullable = true)\n"," |-- Volume: integer (nullable = true)\n"," |-- Open: float (nullable = true)\n"," |-- High: float (nullable = true)\n"," |-- Low: float (nullable = true)\n","\n"]}],"source":["df.printSchema()"]},{"cell_type":"code","execution_count":null,"metadata":{"id":"OoILc9cQxIOq"},"outputs":[],"source":["dfopen=df.select(\"Company\",\"Date\",\"Open\")"]},{"cell_type":"code","execution_count":null,"metadata":{"colab":{"base_uri":"https://localhost:8080/"},"executionInfo":{"elapsed":589,"status":"ok","timestamp":1690905020903,"user":{"displayName":"Sai Krishna Ponugoti","userId":"08194448741208814176"},"user_tz":300},"id":"hRe5fK4Qy2Tg","outputId":"8a27227c-21ef-49fb-ab3a-78b6c5be21b1"},"outputs":[{"name":"stdout","output_type":"stream","text":["+-------+----------+-------+\n","|Company|      Date|   Open|\n","+-------+----------+-------+\n","|   AAPL|2023-07-17|  191.9|\n","|   AAPL|2023-07-14| 190.23|\n","|   AAPL|2023-07-13|  190.5|\n","|   AAPL|2023-07-12| 189.68|\n","|   AAPL|2023-07-11| 189.16|\n","|   AAPL|2023-07-10| 189.26|\n","|   AAPL|2023-07-07| 191.41|\n","|   AAPL|2023-07-06| 189.84|\n","|   AAPL|2023-07-05|191.565|\n","|   AAPL|2023-07-03| 193.78|\n","|   AAPL|2023-06-30| 191.63|\n","|   AAPL|2023-06-29| 189.08|\n","|   AAPL|2023-06-28| 187.93|\n","|   AAPL|2023-06-27| 185.89|\n","|   AAPL|2023-06-26| 186.83|\n","|   AAPL|2023-06-23| 185.55|\n","|   AAPL|2023-06-22| 183.74|\n","|   AAPL|2023-06-21|  184.9|\n","|   AAPL|2023-06-20| 184.41|\n","|   AAPL|2023-06-16| 186.73|\n","+-------+----------+-------+\n","only showing top 20 rows\n","\n"]}],"source":["dfopen.show()"]},{"cell_type":"code","execution_count":null,"metadata":{"id":"m-4Rd1yIzyDf"},"outputs":[],"source":["from pyspark.sql.functions import split, col"]},{"cell_type":"code","execution_count":null,"metadata":{"colab":{"base_uri":"https://localhost:8080/"},"executionInfo":{"elapsed":895,"status":"ok","timestamp":1690905021791,"user":{"displayName":"Sai Krishna Ponugoti","userId":"08194448741208814176"},"user_tz":300},"id":"_pJiZKTU-BBC","outputId":"0127f5af-aa5b-45ba-87c9-5e7df505c040"},"outputs":[{"name":"stdout","output_type":"stream","text":["+-------+----------+-------+----+\n","|Company|      Date|   Open|Year|\n","+-------+----------+-------+----+\n","|   AAPL|2023-07-17|  191.9|2023|\n","|   AAPL|2023-07-14| 190.23|2023|\n","|   AAPL|2023-07-13|  190.5|2023|\n","|   AAPL|2023-07-12| 189.68|2023|\n","|   AAPL|2023-07-11| 189.16|2023|\n","|   AAPL|2023-07-10| 189.26|2023|\n","|   AAPL|2023-07-07| 191.41|2023|\n","|   AAPL|2023-07-06| 189.84|2023|\n","|   AAPL|2023-07-05|191.565|2023|\n","|   AAPL|2023-07-03| 193.78|2023|\n","|   AAPL|2023-06-30| 191.63|2023|\n","|   AAPL|2023-06-29| 189.08|2023|\n","|   AAPL|2023-06-28| 187.93|2023|\n","|   AAPL|2023-06-27| 185.89|2023|\n","|   AAPL|2023-06-26| 186.83|2023|\n","|   AAPL|2023-06-23| 185.55|2023|\n","|   AAPL|2023-06-22| 183.74|2023|\n","|   AAPL|2023-06-21|  184.9|2023|\n","|   AAPL|2023-06-20| 184.41|2023|\n","|   AAPL|2023-06-16| 186.73|2023|\n","+-------+----------+-------+----+\n","only showing top 20 rows\n","\n"]}],"source":["dfopen=dfopen.withColumn(\"Year\", split(col(\"Date\"), \"-\").getItem(0))\n","dfopen.show()"]},{"cell_type":"code","execution_count":null,"metadata":{"colab":{"base_uri":"https://localhost:8080/"},"executionInfo":{"elapsed":985,"status":"ok","timestamp":1690905022773,"user":{"displayName":"Sai Krishna Ponugoti","userId":"08194448741208814176"},"user_tz":300},"id":"dRHAO5Bz-Ib8","outputId":"5f0bbf2a-279b-49a7-e64b-420721bebf0e"},"outputs":[{"name":"stdout","output_type":"stream","text":["+-------+----------+------+----+\n","|Company|      Date|  Open|Year|\n","+-------+----------+------+----+\n","|   AAPL|2020-12-31|134.08|2020|\n","|   AAPL|2020-12-30|135.58|2020|\n","|   AAPL|2020-12-29|138.05|2020|\n","|   AAPL|2020-12-28|133.99|2020|\n","|   AAPL|2020-12-24|131.32|2020|\n","|   AAPL|2020-12-23|132.16|2020|\n","|   AAPL|2020-12-22|131.61|2020|\n","|   AAPL|2020-12-21|125.02|2020|\n","|   AAPL|2020-12-18|128.96|2020|\n","|   AAPL|2020-12-17| 128.9|2020|\n","|   AAPL|2020-12-16|127.41|2020|\n","|   AAPL|2020-12-15|124.34|2020|\n","|   AAPL|2020-12-14| 122.6|2020|\n","|   AAPL|2020-12-11|122.43|2020|\n","|   AAPL|2020-12-10| 120.5|2020|\n","|   AAPL|2020-12-09|124.53|2020|\n","|   AAPL|2020-12-08|124.37|2020|\n","|   AAPL|2020-12-07|122.31|2020|\n","|   AAPL|2020-12-04| 122.6|2020|\n","|   AAPL|2020-12-03|123.52|2020|\n","+-------+----------+------+----+\n","only showing top 20 rows\n","\n"]}],"source":["dfopen= dfopen.filter(dfopen[\"Year\"] ==2020)\n","dfopen.show()"]},{"cell_type":"code","execution_count":null,"metadata":{"id":"3uXcC7nD-5C-"},"outputs":[],"source":["dfopen.createOrReplaceTempView('dfmax')"]},{"cell_type":"code","execution_count":null,"metadata":{"id":"R_WORWapuYBg"},"outputs":[],"source":["dfmax = spark.sql(\"\"\"SELECT Company, Date, Open FROM dfmax WHERE (Company, Open) IN\n"," (SELECT Company, MAX(Open) AS max_open FROM dfmax GROUP BY Company)\"\"\")"]},{"cell_type":"code","execution_count":null,"metadata":{"colab":{"base_uri":"https://localhost:8080/"},"executionInfo":{"elapsed":3996,"status":"ok","timestamp":1690905027577,"user":{"displayName":"Sai Krishna Ponugoti","userId":"08194448741208814176"},"user_tz":300},"id":"edVfa0uCs256","outputId":"b1409d16-05fb-404c-c28b-fc3174d55d6f"},"outputs":[{"name":"stdout","output_type":"stream","text":["+-------+----------+------+\n","|Company|      Date|  Open|\n","+-------+----------+------+\n","|   AAPL|2020-12-29|138.05|\n","|   SBUX|2020-12-31| 106.0|\n","|   MSFT|2020-09-03|229.27|\n","|   CSCO|2020-02-12| 49.43|\n","|   QCOM|2020-12-09| 158.6|\n","|   META|2020-08-27|300.16|\n","|   AMZN|2020-09-02|177.35|\n","|   TSLA|2020-12-31|233.33|\n","|    AMD|2020-12-17| 97.55|\n","|   NFLX|2020-07-13|567.98|\n","+-------+----------+------+\n","\n"]}],"source":["dfmax.show()"]},{"cell_type":"code","execution_count":null,"metadata":{"colab":{"base_uri":"https://localhost:8080/"},"executionInfo":{"elapsed":336,"status":"ok","timestamp":1690905027909,"user":{"displayName":"Sai Krishna Ponugoti","userId":"08194448741208814176"},"user_tz":300},"id":"WYaPLp71vYyO","outputId":"d9a40d22-662a-4348-aa7e-cde9fe4dd6a8"},"outputs":[{"name":"stdout","output_type":"stream","text":["+-------+----------+----------+---------+-------+--------+--------+\n","|Company|      Date|Close/Last|   Volume|   Open|    High|     Low|\n","+-------+----------+----------+---------+-------+--------+--------+\n","|   AAPL|2023-07-17|    193.99| 50520160|  191.9|  194.32|  191.81|\n","|   AAPL|2023-07-14|    190.69| 41616240| 190.23|191.1799|  189.63|\n","|   AAPL|2023-07-13|    190.54| 41342340|  190.5|  191.19|  189.78|\n","|   AAPL|2023-07-12|    189.77| 60750250| 189.68|   191.7|  188.47|\n","|   AAPL|2023-07-11|    188.08| 46638120| 189.16|   189.3|   186.6|\n","|   AAPL|2023-07-10|    188.61| 59922160| 189.26|  189.99| 187.035|\n","|   AAPL|2023-07-07|    190.68| 46815000| 191.41|  192.67|  190.24|\n","|   AAPL|2023-07-06|    191.81| 45156010| 189.84|  192.02|   189.2|\n","|   AAPL|2023-07-05|    191.33| 46920260|191.565|  192.98|  190.62|\n","|   AAPL|2023-07-03|    192.46| 31346600| 193.78|  193.88|  191.76|\n","|   AAPL|2023-06-30|    193.97| 85213220| 191.63|  194.48|  191.26|\n","|   AAPL|2023-06-29|    189.59| 46347310| 189.08|  190.07|  188.94|\n","|   AAPL|2023-06-28|    189.25| 51216800| 187.93|   189.9|   187.6|\n","|   AAPL|2023-06-27|    188.06| 50730850| 185.89|  188.39|  185.67|\n","|   AAPL|2023-06-26|    185.27| 48088660| 186.83|  188.05|  185.23|\n","|   AAPL|2023-06-23|    186.68| 53117000| 185.55|  187.56|  185.01|\n","|   AAPL|2023-06-22|     187.0| 51245330| 183.74| 187.045|  183.67|\n","|   AAPL|2023-06-21|    183.96| 49515700|  184.9|  185.41|182.5901|\n","|   AAPL|2023-06-20|    185.01| 49799090| 184.41|   186.1|  184.41|\n","|   AAPL|2023-06-16|    184.92|101256200| 186.73|  186.99|  184.27|\n","+-------+----------+----------+---------+-------+--------+--------+\n","only showing top 20 rows\n","\n"]}],"source":["df.show()"]},{"cell_type":"code","execution_count":null,"metadata":{"colab":{"base_uri":"https://localhost:8080/"},"executionInfo":{"elapsed":315,"status":"ok","timestamp":1690905028222,"user":{"displayName":"Sai Krishna Ponugoti","userId":"08194448741208814176"},"user_tz":300},"id":"ZhxFdNOLu3vN","outputId":"2874aee4-b97a-40d5-9803-8629e458ab01"},"outputs":[{"name":"stdout","output_type":"stream","text":["+-------+----------+-------+----------+\n","|Company|      Date|   Open|Close/Last|\n","+-------+----------+-------+----------+\n","|   AAPL|2023-07-17|  191.9|    193.99|\n","|   AAPL|2023-07-14| 190.23|    190.69|\n","|   AAPL|2023-07-13|  190.5|    190.54|\n","|   AAPL|2023-07-12| 189.68|    189.77|\n","|   AAPL|2023-07-11| 189.16|    188.08|\n","|   AAPL|2023-07-10| 189.26|    188.61|\n","|   AAPL|2023-07-07| 191.41|    190.68|\n","|   AAPL|2023-07-06| 189.84|    191.81|\n","|   AAPL|2023-07-05|191.565|    191.33|\n","|   AAPL|2023-07-03| 193.78|    192.46|\n","|   AAPL|2023-06-30| 191.63|    193.97|\n","|   AAPL|2023-06-29| 189.08|    189.59|\n","|   AAPL|2023-06-28| 187.93|    189.25|\n","|   AAPL|2023-06-27| 185.89|    188.06|\n","|   AAPL|2023-06-26| 186.83|    185.27|\n","|   AAPL|2023-06-23| 185.55|    186.68|\n","|   AAPL|2023-06-22| 183.74|     187.0|\n","|   AAPL|2023-06-21|  184.9|    183.96|\n","|   AAPL|2023-06-20| 184.41|    185.01|\n","|   AAPL|2023-06-16| 186.73|    184.92|\n","+-------+----------+-------+----------+\n","only showing top 20 rows\n","\n"]}],"source":["df1=df.select(\"Company\",\"Date\",\"Open\",\"Close/Last\")\n","df1.show()"]},{"cell_type":"code","execution_count":null,"metadata":{"colab":{"base_uri":"https://localhost:8080/"},"executionInfo":{"elapsed":8,"status":"ok","timestamp":1690905028223,"user":{"displayName":"Sai Krishna Ponugoti","userId":"08194448741208814176"},"user_tz":300},"id":"beUdAmC0vhcW","outputId":"590b9d57-db57-4e39-b7ad-c25f336d6872"},"outputs":[{"name":"stdout","output_type":"stream","text":["root\n"," |-- Company: string (nullable = true)\n"," |-- Date: date (nullable = true)\n"," |-- Open: float (nullable = true)\n"," |-- Close/Last: float (nullable = true)\n","\n"]}],"source":["df1.printSchema()"]},{"cell_type":"code","execution_count":null,"metadata":{"colab":{"base_uri":"https://localhost:8080/"},"executionInfo":{"elapsed":268,"status":"ok","timestamp":1690905028487,"user":{"displayName":"Sai Krishna Ponugoti","userId":"08194448741208814176"},"user_tz":300},"id":"YQxAMOeawPTl","outputId":"57638e5a-c363-4484-fc56-35374116caa2"},"outputs":[{"name":"stdout","output_type":"stream","text":["+-------+-------+-------+----------+\n","|Company|   Date|   Open|Close/Last|\n","+-------+-------+-------+----------+\n","|   AAPL|2023-07|  191.9|    193.99|\n","|   AAPL|2023-07| 190.23|    190.69|\n","|   AAPL|2023-07|  190.5|    190.54|\n","|   AAPL|2023-07| 189.68|    189.77|\n","|   AAPL|2023-07| 189.16|    188.08|\n","|   AAPL|2023-07| 189.26|    188.61|\n","|   AAPL|2023-07| 191.41|    190.68|\n","|   AAPL|2023-07| 189.84|    191.81|\n","|   AAPL|2023-07|191.565|    191.33|\n","|   AAPL|2023-07| 193.78|    192.46|\n","|   AAPL|2023-06| 191.63|    193.97|\n","|   AAPL|2023-06| 189.08|    189.59|\n","|   AAPL|2023-06| 187.93|    189.25|\n","|   AAPL|2023-06| 185.89|    188.06|\n","|   AAPL|2023-06| 186.83|    185.27|\n","|   AAPL|2023-06| 185.55|    186.68|\n","|   AAPL|2023-06| 183.74|     187.0|\n","|   AAPL|2023-06|  184.9|    183.96|\n","|   AAPL|2023-06| 184.41|    185.01|\n","|   AAPL|2023-06| 186.73|    184.92|\n","+-------+-------+-------+----------+\n","only showing top 20 rows\n","\n"]}],"source":["df1 = df1.withColumn(\"Date\", date_format(\"Date\", \"yyyy-MM\"))\n","df1.show()"]},{"cell_type":"code","execution_count":null,"metadata":{"colab":{"base_uri":"https://localhost:8080/"},"executionInfo":{"elapsed":1676,"status":"ok","timestamp":1690905030161,"user":{"displayName":"Sai Krishna Ponugoti","userId":"08194448741208814176"},"user_tz":300},"id":"6BC8pMi9BLBL","outputId":"554a3e03-8aee-4e17-f122-f249420811a2"},"outputs":[{"name":"stdout","output_type":"stream","text":["+-------+-------+---------------+---------------+\n","|Company|   Date|MaxClosingPrice|MinClosingPrice|\n","+-------+-------+---------------+---------------+\n","|   AAPL|2018-08|        56.9075|         50.375|\n","|   AAPL|2015-11|        30.6425|         28.085|\n","|   SBUX|2019-02|           71.3|          67.58|\n","|   MSFT|2016-08|           58.3|          56.58|\n","|   MSFT|2014-01|          37.84|          34.98|\n","|   CSCO|2014-09|          25.22|          24.54|\n","|   QCOM|2017-11|          68.91|          53.46|\n","|    AMD|2014-12|           2.74|           2.47|\n","|   CSCO|2020-02|          49.93|          39.93|\n","|   QCOM|2020-05|          80.88|          75.64|\n","|   QCOM|2019-12|          89.05|          80.58|\n","|   TSLA|2014-02|        16.8667|         11.628|\n","|    AMD|2022-01|         150.24|          102.6|\n","|   NFLX|2019-12|          336.9|         293.12|\n","|   MSFT|2019-07|         141.34|         135.68|\n","|   MSFT|2019-03|         120.22|         110.39|\n","|   TSLA|2017-10|        23.9767|        21.3387|\n","|   TSLA|2015-01|        14.6207|        12.7913|\n","|    AMD|2017-07|          14.76|          12.15|\n","|   SBUX|2019-05|          78.91|          75.28|\n","+-------+-------+---------------+---------------+\n","only showing top 20 rows\n","\n"]}],"source":["df2 = df1.groupBy(\"Company\", \"Date\").agg(max(\"Close/Last\").alias(\"MaxClosingPrice\"),min(\"Close/Last\").alias(\"MinClosingPrice\"))\n","df2.show()"]},{"cell_type":"code","execution_count":null,"metadata":{"colab":{"base_uri":"https://localhost:8080/"},"executionInfo":{"elapsed":2082,"status":"ok","timestamp":1690905032239,"user":{"displayName":"Sai Krishna Ponugoti","userId":"08194448741208814176"},"user_tz":300},"id":"E7F2N1V7CsmB","outputId":"6a31049c-b9e1-437f-de57-7723ae3efabb"},"outputs":[{"name":"stdout","output_type":"stream","text":["+-------+-------+---------------+---------------+\n","|Company|   Date|MaxClosingPrice|MinClosingPrice|\n","+-------+-------+---------------+---------------+\n","|   AMZN|2013-07|        15.6005|         14.947|\n","|   AAPL|2013-07|          16.19|        14.9639|\n","|   CSCO|2013-07|          25.86|          25.33|\n","|   TSLA|2013-07|         8.9747|         7.9353|\n","|   META|2013-07|         37.627|         25.881|\n","|   QCOM|2013-07|          64.61|         61.115|\n","|   MSFT|2013-07|          35.44|          31.39|\n","|   SBUX|2013-07|          36.68|         33.305|\n","|   NFLX|2013-07|        38.0586|        34.4714|\n","|    AMD|2013-07|           4.64|           3.63|\n","|   AMZN|2013-08|        15.2785|        14.0465|\n","|   QCOM|2013-08|          67.25|          65.21|\n","|   META|2013-08|          41.34|          36.56|\n","|   TSLA|2013-08|        11.2667|         8.9487|\n","|   MSFT|2013-08|          34.75|         31.393|\n","|   CSCO|2013-08|         26.377|          23.31|\n","|   SBUX|2013-08|         37.115|          35.08|\n","|   NFLX|2013-08|        41.1214|        35.1686|\n","|    AMD|2013-08|           3.82|           3.27|\n","|   AAPL|2013-08|        18.1336|        16.2304|\n","+-------+-------+---------------+---------------+\n","only showing top 20 rows\n","\n"]}],"source":["df2 = df2.orderBy(\"Date\")\n","df2.show()"]},{"cell_type":"code","execution_count":null,"metadata":{"id":"qpp9iUefKHKR"},"outputs":[],"source":["df2=df2.withColumn(\"Month\",split(df2['Date'],\"-\")[1])"]},{"cell_type":"code","execution_count":null,"metadata":{"colab":{"base_uri":"https://localhost:8080/"},"executionInfo":{"elapsed":1874,"status":"ok","timestamp":1690905034109,"user":{"displayName":"Sai Krishna Ponugoti","userId":"08194448741208814176"},"user_tz":300},"id":"K_hT7AhAItSF","outputId":"99315c92-660c-4b0d-b7c3-dcae851871e3"},"outputs":[{"name":"stdout","output_type":"stream","text":["+-------+-------+---------------+---------------+-----+\n","|Company|   Date|MaxClosingPrice|MinClosingPrice|Month|\n","+-------+-------+---------------+---------------+-----+\n","|   AMZN|2013-07|        15.6005|         14.947|   07|\n","|   AAPL|2013-07|          16.19|        14.9639|   07|\n","|   CSCO|2013-07|          25.86|          25.33|   07|\n","|   TSLA|2013-07|         8.9747|         7.9353|   07|\n","|   META|2013-07|         37.627|         25.881|   07|\n","|   QCOM|2013-07|          64.61|         61.115|   07|\n","|   MSFT|2013-07|          35.44|          31.39|   07|\n","|   SBUX|2013-07|          36.68|         33.305|   07|\n","|   NFLX|2013-07|        38.0586|        34.4714|   07|\n","|    AMD|2013-07|           4.64|           3.63|   07|\n","|   AMZN|2013-08|        15.2785|        14.0465|   08|\n","|   QCOM|2013-08|          67.25|          65.21|   08|\n","|   META|2013-08|          41.34|          36.56|   08|\n","|   TSLA|2013-08|        11.2667|         8.9487|   08|\n","|   MSFT|2013-08|          34.75|         31.393|   08|\n","|   CSCO|2013-08|         26.377|          23.31|   08|\n","|   SBUX|2013-08|         37.115|          35.08|   08|\n","|   NFLX|2013-08|        41.1214|        35.1686|   08|\n","|    AMD|2013-08|           3.82|           3.27|   08|\n","|   AAPL|2013-08|        18.1336|        16.2304|   08|\n","+-------+-------+---------------+---------------+-----+\n","only showing top 20 rows\n","\n"]}],"source":["df2.show()"]},{"cell_type":"code","execution_count":null,"metadata":{"id":"mjpMYFYwU-GI"},"outputs":[],"source":["from pyspark.sql import functions as sf"]},{"cell_type":"code","execution_count":null,"metadata":{"colab":{"base_uri":"https://localhost:8080/"},"executionInfo":{"elapsed":1304,"status":"ok","timestamp":1690905035409,"user":{"displayName":"Sai Krishna Ponugoti","userId":"08194448741208814176"},"user_tz":300},"id":"Avd9bUa5TMH_","outputId":"83837cb7-7452-406e-beb7-790b9c86c49a"},"outputs":[{"name":"stdout","output_type":"stream","text":["+-------+------------------+\n","|Company|Month_High_closing|\n","+-------+------------------+\n","|   AMZN|        07-15.6005|\n","|   AAPL|          07-16.19|\n","|   CSCO|          07-25.86|\n","|   TSLA|         07-8.9747|\n","|   META|         07-37.627|\n","|   QCOM|          07-64.61|\n","|   MSFT|          07-35.44|\n","|   SBUX|          07-36.68|\n","|   NFLX|        07-38.0586|\n","|    AMD|           07-4.64|\n","|   AMZN|        08-15.2785|\n","|   QCOM|          08-67.25|\n","|   META|          08-41.34|\n","|   TSLA|        08-11.2667|\n","|   MSFT|          08-34.75|\n","|   CSCO|         08-26.377|\n","|   SBUX|         08-37.115|\n","|   NFLX|        08-41.1214|\n","|    AMD|           08-3.82|\n","|   AAPL|        08-18.1336|\n","+-------+------------------+\n","only showing top 20 rows\n","\n"]}],"source":["df_high_close=df2.withColumn('Month_High_closing', sf.concat(sf.col('Month'),sf.lit('-'), sf.col('MaxClosingPrice')))\n","df_high_close=df_high_close.select(\"Company\",\"Month_High_closing\")\n","df_high_close.show()"]},{"cell_type":"code","execution_count":null,"metadata":{"colab":{"base_uri":"https://localhost:8080/"},"executionInfo":{"elapsed":1393,"status":"ok","timestamp":1690905036799,"user":{"displayName":"Sai Krishna Ponugoti","userId":"08194448741208814176"},"user_tz":300},"id":"xG1OKk40VU0y","outputId":"d309a862-2e9e-41a2-b5c8-ecc3420cbc7a"},"outputs":[{"name":"stdout","output_type":"stream","text":["+-------+-----------------+\n","|Company|Month_low_closing|\n","+-------+-----------------+\n","|   AMZN|        07-14.947|\n","|   AAPL|       07-14.9639|\n","|   CSCO|         07-25.33|\n","|   TSLA|        07-7.9353|\n","|   META|        07-25.881|\n","|   QCOM|        07-61.115|\n","|   MSFT|         07-31.39|\n","|   SBUX|        07-33.305|\n","|   NFLX|       07-34.4714|\n","|    AMD|          07-3.63|\n","|   AMZN|       08-14.0465|\n","|   QCOM|         08-65.21|\n","|   META|         08-36.56|\n","|   TSLA|        08-8.9487|\n","|   MSFT|        08-31.393|\n","|   CSCO|         08-23.31|\n","|   SBUX|         08-35.08|\n","|   NFLX|       08-35.1686|\n","|    AMD|          08-3.27|\n","|   AAPL|       08-16.2304|\n","+-------+-----------------+\n","only showing top 20 rows\n","\n"]}],"source":["df_low_close=df2.withColumn('Month_low_closing', sf.concat(sf.col('Month'),sf.lit('-'), sf.col('MinClosingPrice')))\n","df_low_close=df_low_close.select(\"Company\",\"Month_low_closing\")\n","df_low_close.show()"]},{"cell_type":"code","execution_count":null,"metadata":{"colab":{"base_uri":"https://localhost:8080/"},"executionInfo":{"elapsed":2562,"status":"ok","timestamp":1690905039356,"user":{"displayName":"Sai Krishna Ponugoti","userId":"08194448741208814176"},"user_tz":300},"id":"rZ5-YZShWVsX","outputId":"ce311efc-a019-4b9a-8271-fc04526ef041"},"outputs":[{"name":"stdout","output_type":"stream","text":["+-------+-------+---------------+---------------+-----+\n","|Company|   Date|MaxClosingPrice|MinClosingPrice|Month|\n","+-------+-------+---------------+---------------+-----+\n","|   AMZN|2013-07|        15.6005|         14.947|   07|\n","|   AAPL|2013-07|          16.19|        14.9639|   07|\n","|   CSCO|2013-07|          25.86|          25.33|   07|\n","|   TSLA|2013-07|         8.9747|         7.9353|   07|\n","|   META|2013-07|         37.627|         25.881|   07|\n","|   QCOM|2013-07|          64.61|         61.115|   07|\n","|   MSFT|2013-07|          35.44|          31.39|   07|\n","|   SBUX|2013-07|          36.68|         33.305|   07|\n","|   NFLX|2013-07|        38.0586|        34.4714|   07|\n","|    AMD|2013-07|           4.64|           3.63|   07|\n","|   AMZN|2013-08|        15.2785|        14.0465|   08|\n","|   QCOM|2013-08|          67.25|          65.21|   08|\n","|   META|2013-08|          41.34|          36.56|   08|\n","|   TSLA|2013-08|        11.2667|         8.9487|   08|\n","|   MSFT|2013-08|          34.75|         31.393|   08|\n","|   CSCO|2013-08|         26.377|          23.31|   08|\n","|   SBUX|2013-08|         37.115|          35.08|   08|\n","|   NFLX|2013-08|        41.1214|        35.1686|   08|\n","|    AMD|2013-08|           3.82|           3.27|   08|\n","|   AAPL|2013-08|        18.1336|        16.2304|   08|\n","+-------+-------+---------------+---------------+-----+\n","only showing top 20 rows\n","\n"]}],"source":["df2.show()"]},{"cell_type":"code","execution_count":null,"metadata":{"id":"ZZFmEjzHKiqY"},"outputs":[],"source":["df3=df2.select(\"Company\",\"Date\",\"MaxClosingPrice\")"]},{"cell_type":"code","execution_count":null,"metadata":{"colab":{"base_uri":"https://localhost:8080/"},"executionInfo":{"elapsed":15,"status":"ok","timestamp":1690905039358,"user":{"displayName":"Sai Krishna Ponugoti","userId":"08194448741208814176"},"user_tz":300},"id":"JrKibXJTKuYU","outputId":"6ea062c2-dc21-4863-c53e-707195195225"},"outputs":[{"name":"stdout","output_type":"stream","text":["+-------+-------+---------------+\n","|Company|   Date|MaxClosingPrice|\n","+-------+-------+---------------+\n","|   AMZN|2013-07|        15.6005|\n","|   AAPL|2013-07|          16.19|\n","|   CSCO|2013-07|          25.86|\n","|   TSLA|2013-07|         8.9747|\n","|   META|2013-07|         37.627|\n","|   QCOM|2013-07|          64.61|\n","|   MSFT|2013-07|          35.44|\n","|   SBUX|2013-07|          36.68|\n","|   NFLX|2013-07|        38.0586|\n","|    AMD|2013-07|           4.64|\n","|   AMZN|2013-08|        15.2785|\n","|   QCOM|2013-08|          67.25|\n","|   META|2013-08|          41.34|\n","|   TSLA|2013-08|        11.2667|\n","|   MSFT|2013-08|          34.75|\n","|   CSCO|2013-08|         26.377|\n","|   SBUX|2013-08|         37.115|\n","|   NFLX|2013-08|        41.1214|\n","|    AMD|2013-08|           3.82|\n","|   AAPL|2013-08|        18.1336|\n","+-------+-------+---------------+\n","only showing top 20 rows\n","\n"]}],"source":["df3.show()"]},{"cell_type":"code","execution_count":null,"metadata":{"id":"qJT_2fq2MaYO"},"outputs":[],"source":["from pyspark.sql import functions as F\n","from pyspark.sql.window import Window"]},{"cell_type":"code","execution_count":null,"metadata":{"id":"lcSKpwBQLDO7"},"outputs":[],"source":["df3 = df3.withColumn(\"rank\", F.rank().over(Window.partitionBy(\"Date\").orderBy(F.desc(\"MaxClosingPrice\"))))"]},{"cell_type":"code","execution_count":null,"metadata":{"colab":{"base_uri":"https://localhost:8080/"},"executionInfo":{"elapsed":280,"status":"ok","timestamp":1690905039630,"user":{"displayName":"Sai Krishna Ponugoti","userId":"08194448741208814176"},"user_tz":300},"id":"9-RqOnXELeXb","outputId":"3d9aa6a2-1f80-4564-cb6a-3222f5713b42"},"outputs":[{"name":"stdout","output_type":"stream","text":["+-------+-------+---------------+----+\n","|Company|   Date|MaxClosingPrice|rank|\n","+-------+-------+---------------+----+\n","|   QCOM|2013-07|          64.61|   1|\n","|   NFLX|2013-07|        38.0586|   2|\n","|   META|2013-07|         37.627|   3|\n","|   SBUX|2013-07|          36.68|   4|\n","|   MSFT|2013-07|          35.44|   5|\n","|   CSCO|2013-07|          25.86|   6|\n","|   AAPL|2013-07|          16.19|   7|\n","|   AMZN|2013-07|        15.6005|   8|\n","|   TSLA|2013-07|         8.9747|   9|\n","|    AMD|2013-07|           4.64|  10|\n","|   QCOM|2013-08|          67.25|   1|\n","|   META|2013-08|          41.34|   2|\n","|   NFLX|2013-08|        41.1214|   3|\n","|   SBUX|2013-08|         37.115|   4|\n","|   MSFT|2013-08|          34.75|   5|\n","|   CSCO|2013-08|         26.377|   6|\n","|   AAPL|2013-08|        18.1336|   7|\n","|   AMZN|2013-08|        15.2785|   8|\n","|   TSLA|2013-08|        11.2667|   9|\n","|    AMD|2013-08|           3.82|  10|\n","+-------+-------+---------------+----+\n","only showing top 20 rows\n","\n"]}],"source":["df3.show()"]},{"cell_type":"code","execution_count":null,"metadata":{"colab":{"base_uri":"https://localhost:8080/"},"executionInfo":{"elapsed":1219,"status":"ok","timestamp":1690905040846,"user":{"displayName":"Sai Krishna Ponugoti","userId":"08194448741208814176"},"user_tz":300},"id":"Jl3w6qOPMhrg","outputId":"8d7c4d0a-966b-40f4-b6de-de9229e49dc8"},"outputs":[{"name":"stdout","output_type":"stream","text":["+-------+-------+---------------+\n","|Company|   Date|MaxClosingPrice|\n","+-------+-------+---------------+\n","|   QCOM|2013-07|          64.61|\n","|   QCOM|2013-08|          67.25|\n","|   QCOM|2013-09|          70.09|\n","|   QCOM|2013-10|          69.49|\n","|   QCOM|2013-11|          73.65|\n","|   QCOM|2013-12|          74.25|\n","|   QCOM|2014-01|          75.87|\n","|   QCOM|2014-02|          76.44|\n","|   QCOM|2014-03|          79.28|\n","|   QCOM|2014-04|          81.32|\n","|   QCOM|2014-05|          80.46|\n","|   QCOM|2014-06|          80.48|\n","|   QCOM|2014-07|           81.6|\n","|   QCOM|2014-08|          77.01|\n","|   META|2014-09|          79.04|\n","|   META|2014-10|          80.77|\n","|   QCOM|2014-11|          78.24|\n","|   META|2014-12|          81.45|\n","|   META|2015-01|          78.45|\n","|   META|2015-02|          80.41|\n","+-------+-------+---------------+\n","only showing top 20 rows\n","\n"]}],"source":["df3 = df3.where(F.col(\"rank\") == 1).drop(\"rank\")\n","df3.show()"]},{"cell_type":"code","execution_count":null,"metadata":{"id":"XuHBfoIUMs8p"},"outputs":[],"source":["df3=df3.withColumn(\"Month\",split(df3['Date'],\"-\")[1])"]},{"cell_type":"code","execution_count":null,"metadata":{"colab":{"base_uri":"https://localhost:8080/"},"executionInfo":{"elapsed":1253,"status":"ok","timestamp":1690905042096,"user":{"displayName":"Sai Krishna Ponugoti","userId":"08194448741208814176"},"user_tz":300},"id":"stkCyR6jOT4w","outputId":"e9511614-2652-4c51-edc2-e4617d3b5fb9"},"outputs":[{"name":"stdout","output_type":"stream","text":["+-------+-------+---------------+-----+\n","|Company|   Date|MaxClosingPrice|Month|\n","+-------+-------+---------------+-----+\n","|   QCOM|2013-07|          64.61|   07|\n","|   QCOM|2013-08|          67.25|   08|\n","|   QCOM|2013-09|          70.09|   09|\n","|   QCOM|2013-10|          69.49|   10|\n","|   QCOM|2013-11|          73.65|   11|\n","|   QCOM|2013-12|          74.25|   12|\n","|   QCOM|2014-01|          75.87|   01|\n","|   QCOM|2014-02|          76.44|   02|\n","|   QCOM|2014-03|          79.28|   03|\n","|   QCOM|2014-04|          81.32|   04|\n","|   QCOM|2014-05|          80.46|   